1	1	1	0.2065
1	2	1	0.181
1	2	2	0.1921
1	3	1	-0.0009
1	3	2	-0.0094
1	3	3	0.1283
1	4	1	0.1609
1	4	2	0.1721
1	4	3	-0.0319
1	4	4	0.2142
1	5	1	-0.0244
1	5	2	-0.0351
1	5	3	0.0203
1	5	4	-0.0495
1	5	5	0.0971
1	6	1	0.0268
1	6	2	0.0449
1	6	3	0.0139
1	6	4	0.0567
1	6	5	-0.042
1	6	6	0.0583
1	7	1	-0.014
1	7	2	-0.0189
1	7	3	-0.013
1	7	4	-0.0101
1	7	5	0.0171
1	7	6	-0.008
1	7	7	0.069
1	8	1	0.033
1	8	2	0.0462
1	8	3	-0.007
1	8	4	0.0362
1	8	5	-0.0287
1	8	6	0.0173
1	8	7	-0.0418
1	8	8	0.0659
1	9	1	-0.0002
1	9	2	0.0068
1	9	3	0.0093
1	9	4	0.0074
1	9	5	-0.0101
1	9	6	0.0125
1	9	7	-0.0368
1	9	8	0.018
1	9	9	0.0546
1	10	1	0.0112
1	10	2	0.023
1	10	3	0.0121
1	10	4	0.0101
1	10	5	-0.0179
1	10	6	0.0161
1	10	7	-0.0334
1	10	8	0.035
1	10	9	0.0273
1	10	10	0.1532
1	11	1	-0.0179
1	11	2	-0.0042
1	11	3	0.0173
1	11	4	-0.0164
1	11	5	0.0199
1	11	6	-0.0066
1	11	7	-0.0346
1	11	8	0.0401
1	11	9	0.0226
1	11	10	0.0776
1	11	11	0.1205
1	12	1	-0.0005
1	12	2	0.0097
1	12	3	0.0173
1	12	4	0.0243
1	12	5	0.0035
1	12	6	0.0044
1	12	7	-0.0344
1	12	8	0.025
1	12	9	0.0445
1	12	10	0.1375
1	12	11	0.0904
1	12	12	0.1855
1	13	1	-0.0404
1	13	2	-0.0319
1	13	3	-0.0053
1	13	4	-0.0488
1	13	5	0.0237
1	13	6	-0.019
1	13	7	-0.0162
1	13	8	0.0036
1	13	9	0.0269
1	13	10	0.0484
1	13	11	0.0496
1	13	12	0.0712
1	13	13	0.2991
1	14	1	0.0454
1	14	2	0.0451
1	14	3	-0.0117
1	14	4	0.0539
1	14	5	-0.0037
1	14	6	0.003
1	14	7	0.015
1	14	8	-0.0193
1	14	9	-0.012
1	14	10	-0.0484
1	14	11	-0.0579
1	14	12	-0.0604
1	14	13	-0.0466
1	14	14	0.1795
1	15	1	0.0137
1	15	2	0.0154
1	15	3	0.0038
1	15	4	0.011
1	15	5	-0.0027
1	15	6	-0.0012
1	15	7	-0.0049
1	15	8	0.0048
1	15	9	0.0086
1	15	10	0.0447
1	15	11	0.0266
1	15	12	0.0411
1	15	13	0.0435
1	15	14	-0.0141
1	15	15	0.055
1	16	1	0.0145
1	16	2	0.0091
1	16	3	-0.0072
1	16	4	-0.0238
1	16	5	-0.0132
1	16	6	-0.0007
1	16	7	-0.0264
1	16	8	0.0164
1	16	9	0.0271
1	16	10	0.0805
1	16	11	0.0732
1	16	12	0.086
1	16	13	0.0667
1	16	14	-0.0648
1	16	15	0.0153
1	16	16	0.5426
1	17	1	0.039
1	17	2	0.0415
1	17	3	-0.0171
1	17	4	0.01
1	17	5	-0.0225
1	17	6	0.0007
1	17	7	0.0097
1	17	8	0.008
1	17	9	-0.0241
1	17	10	0.0278
1	17	11	-0.0098
1	17	12	0.0227
1	17	13	0.033
1	17	14	-0.0125
1	17	15	0.0048
1	17	16	0.1107
1	17	17	0.2832


2	1	1	0.8771
2	2	1	0.4809
2	2	2	0.9212
2	3	1	0.0853
2	3	2	0.0785
2	3	3	0.6049
2	4	1	0.2676
2	4	2	0.2838
2	4	3	0.0585
2	4	4	0.7179
2	5	1	-0.0054
2	5	2	-0.0477
2	5	3	0.0305
2	5	4	-0.0531
2	5	5	0.3779
2	6	1	0.0466
2	6	2	0.1065
2	6	3	0.083
2	6	4	0.1659
2	6	5	-0.0483
2	6	6	0.4854
2	7	1	-0.0402
2	7	2	-0.059
2	7	3	-0.0679
2	7	4	-0.0528
2	7	5	0.0092
2	7	6	-0.0369
2	7	7	0.6653
2	8	1	0.0427
2	8	2	0.061
2	8	3	0.0542
2	8	4	0.0776
2	8	5	-0.0195
2	8	6	0.0512
2	8	7	-0.151
2	8	8	0.6875
2	9	1	0.0157
2	9	2	0.0385
2	9	3	0.0452
2	9	4	0.032
2	9	5	-0.0064
2	9	6	0.0258
2	9	7	-0.171
2	9	8	0.1363
2	9	9	0.7127
2	10	1	0.0332
2	10	2	0.088
2	10	3	0.0213
2	10	4	0.0512
2	10	5	-0.0348
2	10	6	0.0451
2	10	7	-0.0563
2	10	8	0.0996
2	10	9	0.075
2	10	10	0.8584
2	11	1	0.0103
2	11	2	0.0217
2	11	3	0.023
2	11	4	-0.0036
2	11	5	-0.0114
2	11	6	0.0136
2	11	7	-0.0275
2	11	8	0.1122
2	11	9	0.0484
2	11	10	0.2653
2	11	11	0.9959
2	12	1	-0.0195
2	12	2	0.0497
2	12	3	0.0529
2	12	4	-0.004
2	12	5	-0.0203
2	12	6	0.0429
2	12	7	-0.0792
2	12	8	0.0972
2	12	9	0.105
2	12	10	0.4138
2	12	11	0.3162
2	12	12	0.7596
2	13	1	-0.0101
2	13	2	0.0135
2	13	3	0.0335
2	13	4	-0.0108
2	13	5	-0.0118
2	13	6	0.0266
2	13	7	-0.0127
2	13	8	0.0139
2	13	9	0.0282
2	13	10	0.0653
2	13	11	0.0374
2	13	12	0.1147
2	13	13	0.7593
2	14	1	0.0206
2	14	2	-0.0078
2	14	3	-0.009
2	14	4	0.0284
2	14	5	0.0007
2	14	6	-0.0107
2	14	7	-0.0153
2	14	8	0.0445
2	14	9	0.0022
2	14	10	-0.0521
2	14	11	-0.0036
2	14	12	-0.1012
2	14	13	-0.2404
2	14	14	0.5938
2	15	1	-0.0121
2	15	2	0.0003
2	15	3	0.0066
2	15	4	-0.0116
2	15	5	-0.0188
2	15	6	0.0171
2	15	7	-0.0138
2	15	8	0.0203
2	15	9	0.0134
2	15	10	0.1196
2	15	11	0.0779
2	15	12	0.122
2	15	13	0.0446
2	15	14	-0.0135
2	15	15	0.4002
2	16	1	-0.0007
2	16	2	-0.0031
2	16	3	-0.0088
2	16	4	0.004
2	16	5	-0.0047
2	16	6	-0.0159
2	16	7	0.0127
2	16	8	0.0146
2	16	9	-0.0064
2	16	10	0.0637
2	16	11	0.062
2	16	12	0.0446
2	16	13	0.0743
2	16	14	-0.0226
2	16	15	0.0321
2	16	16	1.6613
2	17	1	0.0133
2	17	2	0.0268
2	17	3	-0.0032
2	17	4	0.0194
2	17	5	-0.0133
2	17	6	-0.0041
2	17	7	-0.0268
2	17	8	0.0292
2	17	9	0.0308
2	17	10	0.0455
2	17	11	0.0504
2	17	12	0.0376
2	17	13	0.0102
2	17	14	0.0103
2	17	15	0.0217
2	17	16	0.2135
2	17	17	1.8266
