1	1	1		0.003580167
1	2	1		-0.081265800
1	2	2		37.683141500
1	3	1		-0.122717000
1	3	2		44.571386500
1	3	3		57.572425700
1	4	1		-0.087389600
1	4	2		33.122290300
1	4	3		37.794804800
1	4	4		32.204067400
1	5	1		-0.183809600
1	5	2		4.050113162
1	5	3		3.754586676
1	5	4		1.872056600
1	5	5		43.529854400
1	6	1		-0.229395300
1	6	2		2.442725513
1	6	3		4.025752937
1	6	4		2.258169209
1	6	5		28.532647100
1	6	6		28.150084900
1	7	1		-0.202397300
1	7	2		2.017749485
1	7	3		3.741038845
1	7	4		3.730603160
1	7	5		22.357921500
1	7	6		27.487925600
1	7	7		43.216278600
2	1	1		0.210370033
2	2	1		0.655742800
2	2	2		652.011820500
2	3	1		0.161167900
2	3	2		31.063014500
2	3	3		653.655083700
2	4	1		0.353319500
2	4	2		15.440573400
2	4	3		54.025484800
2	4	4		705.687011800
2	5	1		-0.229246900
2	5	2		-85.004805900
2	5	3		-85.004805900
2	5	4		-85.004805900
2	5	5		1731.751803300
2	6	1		-0.087197400
2	6	2		-85.004805900
2	6	3		-85.004805900
2	6	4		-85.004805900
2	6	5		72.195734300
2	6	6		1632.064565500
2	7	1		0.133860700
2	7	2		-85.004805900
2	7	3		-85.004805900
2	7	4		-85.004805900
2	7	5		-16.459519900
2	7	6		79.973102900
2	7	7		1700.006350000
