1 1 1 0.04615
1 2 1 -0.001444
1 2 2 0.05691
1 3 1 0.003426
1 3 2 0.001508
1 3 3 0.05532
2 1 1 0.06995
2 2 1 0.00771
2 2 2 0.04949
2 3 1 -0.003145
2 3 2 -0.01245
2 3 3 0.01246
2 4 1 -0.001322
2 4 2 0.005347
2 4 3 -0.002026
2 4 4 0.00375
2 5 1 0.07183
2 5 2 0.01216
2 5 3 -0.005914
2 5 4 -0.0009556
2 5 5 0.08356
2 6 1 0.01168
2 6 2 0.03871
2 6 3 -0.008104
2 6 4 0.003802
2 6 5 0.008677
2 6 6 0.05177
2 7 1 -0.004771
2 7 2 -0.008112
2 7 3 0.008842
2 7 4 -0.001983
2 7 5 -0.002671
2 7 6 -0.01393
2 7 7 0.01484
2 8 1 0.001097
2 8 2 0.002776
2 8 3 -0.002518
2 8 4 0.001389
2 8 5 0.001383
2 8 6 0.00463
2 8 7 -0.003018
2 8 8 0.005513
2 9 1 0.07281
2 9 2 0.0121
2 9 3 -0.004967
2 9 4 -0.00156
2 9 5 0.07873
2 9 6 0.01069
2 9 7 -0.003228
2 9 8 -0.0001487
2 9 9 0.08673
2 10 1 0.0106
2 10 2 0.03486
2 10 3 -0.008628
2 10 4 0.003612
2 10 5 0.01103
2 10 6 0.03785
2 10 7 -0.009674
2 10 8 0.003594
2 10 9 0.006929
2 10 10 0.05063
2 11 1 -0.004177
2 11 2 -0.007404
2 11 3 0.008907
2 11 4 -0.001919
2 11 5 -0.004212
2 11 6 -0.008951
2 11 7 0.01013
2 11 8 -0.002577
2 11 9 -0.0007976
2 11 10 -0.01659
2 11 11 0.01674
2 12 1 0.001032
2 12 2 0.002901
2 12 3 -0.001551
2 12 4 0.0008994
2 12 5 0.001484
2 12 6 0.003434
2 12 7 -0.001869
2 12 8 0.001413
2 12 9 0.00176
2 12 10 0.005186
2 12 11 -0.001539
2 12 12 0.006007
3 1 1 0.02813
3 2 1 -0.008787
3 2 2 0.02951
3 3 1 0.001941
3 3 2 -0.01336
3 3 3 0.01676
3 4 1 0.0009634
3 4 2 0.007959
3 4 3 -0.00764
3 4 4 0.011
3 5 1 -0.002364
3 5 2 -0.002772
3 5 3 0.006943
3 5 4 -0.007431
3 5 5 0.009049
3 6 1 0.01851
3 6 2 -0.0003443
3 6 3 -0.001869
3 6 4 0.00173
3 6 5 -0.001412
3 6 6 0.02984
3 7 1 -0.001629
3 7 2 0.004202
3 7 3 0.0008935
3 7 4 -0.001746
3 7 5 0.001779
3 7 6 -0.008651
3 7 7 0.03313
3 8 1 -0.0009884
3 8 2 -0.003155
3 8 3 0.004233
3 8 4 -0.002165
3 8 5 0.001676
3 8 6 -0.0001551
3 8 7 -0.01279
3 8 8 0.01431
3 9 1 0.0001017
3 9 2 0.0004092
3 9 3 -0.00319
3 9 4 0.001972
3 9 5 -0.001595
3 9 6 0.003049
3 9 7 0.005189
3 9 8 -0.005423
3 9 9 0.0106
3 10 1 -0.0006274
3 10 2 -0.0003424
3 10 3 0.003261
3 10 4 -0.002261
3 10 5 0.002399
3 10 6 -0.003289
3 10 7 -0.0003734
3 10 8 0.004439
3 10 9 -0.005963
3 10 10 0.008366
3 11 1 0.01501
3 11 2 0.0008105
3 11 3 3.926e-05
3 11 4 0.0001248
3 11 5 0.0003025
3 11 6 0.02093
3 11 7 0.001162
3 11 8 -0.003595
3 11 9 0.002851
3 11 10 -0.002114
3 11 11 0.03151
3 12 1 0.001381
3 12 2 0.00149
3 12 3 -9.941e-05
3 12 4 -0.00129
3 12 5 0.0005139
3 12 6 -0.0006284
3 12 7 0.01218
3 12 8 -0.00394
3 12 9 0.002241
3 12 10 -0.0001908
3 12 11 -0.008344
3 12 12 0.03569
3 13 1 -0.0006516
3 13 2 -0.002074
3 13 3 0.003086
3 13 4 -0.001911
3 13 5 0.001666
3 13 6 -0.002288
3 13 7 -0.005213
3 13 8 0.005729
3 13 9 -0.00379
3 13 10 0.002369
3 13 11 0.001332
3 13 12 -0.0154
3 13 13 0.01432
3 14 1 0.0005259
3 14 2 0.0003151
3 14 3 -0.0024
3 14 4 0.00172
3 14 5 -0.001891
3 14 6 0.001265
3 14 7 0.002134
3 14 8 -0.003413
3 14 9 0.002988
3 14 10 -0.002522
3 14 11 0.003167
3 14 12 0.003836
3 14 13 -0.002262
3 14 14 0.009024
3 15 1 -0.0002032
3 15 2 -0.0006892
3 15 3 0.002608
3 15 4 -0.002258
3 15 5 0.00239
3 15 6 -0.001741
3 15 7 -0.001136
3 15 8 0.003326
3 15 9 -0.003124
3 15 10 0.003071
3 15 11 -0.00373
3 15 12 -0.0004151
3 15 13 0.00268
3 15 14 -0.005046
3 15 15 0.008199
4 1 1 0.1574
4 2 2 0.1935
4 3 3 0.2185
