  1  1  1   0.26089614    
  1  2  1   0.30262452    
  1  2  2   0.42787640    
  1  3  1   0.31591577    
  1  3  2   0.45292322    
  1  3  3   0.50058093    
  2  1  1   0.73764066    
  2  2  1  -0.11603222    
  2  2  2   0.51241618    
  2  3  1  -0.86637687    
  2  3  2   0.40199125E-01
  2  3  3    7.5145032    
  2  4  1   0.72276437    
  2  4  2  -0.90248782E-01
  2  4  3   -1.1162823    
  2  4  4   0.84514965    
  2  5  1  -0.19640179    
  2  5  2   0.57998998    
  2  5  3   0.39895838    
  2  5  4  -0.25783217    
  2  5  5   0.96522961    
  2  6  1  -0.89017978    
  2  6  2  -0.26122478E-01
  2  6  3    8.7617914    
  2  6  4   -1.2261155    
  2  6  5  -0.16792047E-01
  2  6  6    13.884754    
  2  7  1   0.68011626    
  2  7  2  -0.92268514E-01
  2  7  3  -0.96836075    
  2  7  4   0.79385850    
  2  7  5  -0.20527286    
  2  7  6   -1.0061318    
  2  7  7   0.80777240    
  2  8  1  -0.16417879    
  2  8  2   0.57278494    
  2  8  3   0.37951122    
  2  8  4  -0.24811324    
  2  8  5    1.0269304    
  2  8  6  -0.14656831    
  2  8  7  -0.19029784    
  2  8  8    1.1690121    
  2  9  1   -1.1170699    
  2  9  2   0.31732600    
  2  9  3    9.2294057    
  2  9  4   -1.5001955    
  2  9  5   0.51904976    
  2  9  6    13.388421    
  2  9  7   -1.3078694    
  2  9  8   0.58165177    
  2  9  9    15.815096    
  3  1  1    1.1924774    
  3  2  1  -0.23240750    
  3  2  2   0.38285769    
  3  3  1   -1.1499898    
  3  3  2   0.42779480    
  3  3  3    12.803406    
  3  4  1   0.57499567    
  3  4  2  -0.30233649E-03
  3  4  3  -0.42165690    
  3  4  4    1.8281879    
  3  5  1  -0.93530302E-01
  3  5  2   0.15077120E-03
  3  5  3   0.27880206    
  3  5  4  -0.47295469    
  3  5  5   0.71653341    
  3  6  1  -0.34235451    
  3  6  2  -0.10422251    
  3  6  3   0.78841380    
  3  6  4   -1.6844516    
  3  6  5   0.52686285    
  3  6  6    31.159572    
  3  7  1   0.49184511    
  3  7  2   0.16787472E-01
  3  7  3  -0.36248127    
  3  7  4   0.86607114    
  3  7  5  -0.35075832E-01
  3  7  6  -0.69977112    
  3  7  7    2.3002319    
  3  8  1  -0.49404447E-01
  3  8  2  -0.50999219E-01
  3  8  3   0.22379376    
  3  8  4  -0.12699552    
  3  8  5   0.42665885E-01
  3  8  6   0.34148097    
  3  8  7  -0.70347227    
  3  8  8   0.89028778    
  3  9  1  -0.13899840    
  3  9  2  -0.26886922    
  3  9  3   0.43501732    
  3  9  4  -0.38601213    
  3  9  5  -0.31631603    
  3  9  6    3.4228871    
  3  9  7   -2.4134899    
  3  9  8   0.44709547    
  3  9  9    39.157601    
  4  1  1    1.0376028    
  4  2  2    1.8359296    
  4  3  3    2.2514150    
