  1  1  1   0.64561402    
  1  2  1   0.69192295    
  1  2  2   0.94610039    
  1  3  1   0.67640150    
  1  3  2   0.93240586    
  1  3  3   0.98004758    
  2  1  1    6.0793978    
  2  2  1  -0.39912506    
  2  2  2    2.2016015    
  2  3  1   -10.511480    
  2  3  2    1.8351748    
  2  3  3    30.575453    
  2  4  1    6.0959295    
  2  4  2  -0.33976188    
  2  4  3   -11.660564    
  2  4  4    7.1001002    
  2  5  1   -1.2236113    
  2  5  2    2.5728178    
  2  5  3    4.1527093    
  2  5  4   -1.2939040    
  2  5  5    4.4214123    
  2  6  1   -12.024419    
  2  6  2    2.6686631    
  2  6  3    39.108810    
  2  6  4   -15.322693    
  2  6  5    5.6369068    
  2  6  6    58.074067    
  2  7  1    5.7669810    
  2  7  2  -0.28806037    
  2  7  3   -11.161423    
  2  7  4    6.8920131    
  2  7  5   -1.0277504    
  2  7  6   -14.861854    
  2  7  7    6.9984063    
  2  8  1   -1.1126813    
  2  8  2    2.6730396    
  2  8  3    4.0121339    
  2  8  4   -1.2031995    
  2  8  5    4.8584175    
  2  8  6    5.3025712    
  2  8  7  -0.87929388    
  2  8  8    5.5738022    
  2  9  1   -12.414656    
  2  9  2    3.4332238    
  2  9  3    41.218158    
  2  9  4   -16.122698    
  2  9  5    7.2476120    
  2  9  6    61.317928    
  2  9  7   -15.857480    
  2  9  8    7.3488937    
  2  9  9    68.557822    
  3  1  1    7.2713232    
  3  2  1  -0.75292482    
  3  2  2    2.6204072    
  3  3  1   -7.1722772    
  3  3  2    4.3757093    
  3  3  3    40.557807    
  3  4  1    3.3893249    
  3  4  2   0.41174966E-01
  3  4  3   -1.8730413    
  3  4  4    11.632881    
  3  5  1  -0.64556460    
  3  5  2   0.29613262    
  3  5  3   0.56859406    
  3  5  4   -1.6745786    
  3  5  5    5.0281108    
  3  6  1   -2.0153759    
  3  6  2  -0.14323545    
  3  6  3   0.25107188    
  3  6  4   -11.766479    
  3  6  5    6.8708282    
  3  6  6    79.458268    
  3  7  1    2.7816444    
  3  7  2   0.61056023E-01
  3  7  3   -1.0662251    
  3  7  4    5.1897169    
  3  7  5  -0.23053245    
  3  7  6   -3.3321686    
  3  7  7    14.618035    
  3  8  1  -0.18572914    
  3  8  2  -0.55726991E-01
  3  8  3  -0.59324592    
  3  8  4   -1.0775290    
  3  8  5   0.92710233    
  3  8  6    1.6004391    
  3  8  7   -2.3895996    
  3  8  8    6.2950711    
  3  9  1   -1.0154391    
  3  9  2  -0.11104750    
  3  9  3   -3.7814082    
  3  9  4   -2.4559247    
  3  9  5  -0.21079529    
  3  9  6    4.3312663    
  3  9  7   -14.967028    
  3  9  8    8.0138957    
  3  9  9    103.05918    
  4  1  1    2.2617664    
  4  2  2    3.6115176    
  4  3  3    4.3105858    
