  1  1  1    0.698625762378119E-02
  1  2  1    0.670713675098887E-02
  1  2  2    0.734243942124851E-02
  1  3  1    0.666321623378523E-02
  1  3  2    0.696580488582652E-02
  1  3  3    0.741423555651025E-02
  2  1  1    0.211885564464008E-01
  2  2  1    0.540522533692133E-02
  2  2  2    0.551102438763008E-02
  2  3  1   -0.173595067808582E-02
  2  3  2    0.155496622303414E-03
  2  3  3    0.159252921973587E-02
  2  4  1    0.130869085188219E-02
  2  4  2    0.639728202017387E-03
  2  4  3    0.777858612623213E-05
  2  4  4    0.472804238212635E-03
  2  5  1    0.210535023783829E-01
  2  5  2    0.562956618397281E-02
  2  5  3   -0.225580688189091E-02
  2  5  4    0.113992406556370E-02
  2  5  5    0.223225118489358E-01
  2  6  1    0.639282860766514E-02
  2  6  2    0.590937617319598E-02
  2  6  3    0.522494554724693E-03
  2  6  4    0.820001891300983E-03
  2  6  5    0.615191596626804E-02
  2  6  6    0.773204465027596E-02
  2  7  1   -0.244663403078748E-02
  2  7  2    0.577262330912403E-04
  2  7  3    0.146968735206377E-02
  2  7  4    0.168202692743915E-05
  2  7  5   -0.277611523528372E-02
  2  7  6    0.314830031071015E-03
  2  7  7    0.188651570933860E-02
  2  8  1    0.162060898570059E-02
  2  8  2    0.349372192677756E-03
  2  8  3   -0.953224615397434E-04
  2  8  4    0.281138156313085E-03
  2  8  5    0.162525181890410E-02
  2  8  6    0.759295201271104E-03
  2  8  7   -0.113798370983299E-03
  2  8  8    0.624517760329426E-03
  2  9  1    0.208864253286632E-01
  2  9  2    0.578904775985305E-02
  2  9  3   -0.230749768315428E-02
  2  9  4    0.111795981973284E-02
  2  9  5    0.220136371339882E-01
  2  9  6    0.636008966954997E-02
  2  9  7   -0.296542588732171E-02
  2  9  8    0.153730328280406E-02
  2  9  9    0.227067440116717E-01
  2 10  1    0.717181481324544E-02
  2 10  2    0.588114888555256E-02
  2 10  3    0.151637098307359E-03
  2 10  4    0.856153359862602E-03
  2 10  5    0.709446179848094E-02
  2 10  6    0.708020121686495E-02
  2 10  7   -0.115640117731541E-03
  2 10  8    0.565564787587055E-03
  2 10  9    0.721877273275172E-02
  2 10 10    0.795401304604272E-02
  2 11  1   -0.261586463982805E-02
  2 11  2   -0.971746558743104E-04
  2 11  3    0.157397856984732E-02
  2 11  4   -0.769851690557638E-04
  2 11  5   -0.316122062617631E-02
  2 11  6    0.156444006661119E-03
  2 11  7    0.170599838358421E-02
  2 11  8   -0.182560002571500E-03
  2 11  9   -0.310645863033187E-02
  2 11 10   -0.355868323567751E-03
  2 11 11    0.233077481725955E-02
  2 12  1    0.170418106231182E-02
  2 12  2    0.587601819639283E-03
  2 12  3   -0.291147633694952E-03
  2 12  4    0.335272131312798E-03
  2 12  5    0.180207028960109E-02
  2 12  6    0.873933667739937E-03
  2 12  7   -0.342428492662966E-03
  2 12  8    0.396327170505241E-03
  2 12  9    0.176999997103415E-02
  2 12 10    0.115262886980366E-02
  2 12 11   -0.493864333374145E-03
  2 12 12    0.933122753483030E-03
  3  1  1    0.669436514045314E-02
  3  2  1    0.140958430175603E-02
  3  2  2    0.821218791409944E-02
  3  3  1    0.135021898590081E-02
  3  3  2    0.828417653052795E-03
  3  3  3    0.596912508319849E-02
  3  4  1    0.498526814682929E-03
  3  4  2    0.176717449014498E-02
  3  4  3   -0.284138707557617E-03
  3  4  4    0.301878824653693E-02
  3  5  1   -0.130850506501321E-03
  3  5  2   -0.544829887893940E-03
  3  5  3    0.141946823107924E-02
  3  5  4   -0.565345963186333E-03
  3  5  5    0.203085835626240E-02
  3  6  1    0.259674134846456E-02
  3  6  2    0.110083615482510E-02
  3  6  3   -0.532648093664011E-03
  3  6  4   -0.182950006919402E-03
  3  6  5   -0.692926738013311E-04
  3  6  6    0.930985769092801E-02
  3  7  1    0.173722585898430E-02
  3  7  2    0.188424465347167E-02
  3  7  3    0.391612349128845E-03
  3  7  4   -0.150621124216358E-03
  3  7  5   -0.527193041205426E-04
  3  7  6    0.305454434772958E-03
  3  7  7    0.120259985465412E-01
  3  8  1   -0.589602576802110E-03
  3  8  2    0.231606515299336E-03
  3  8  3    0.979205884430655E-03
  3  8  4   -0.193768951341258E-03
  3  8  5    0.242035683540150E-03
  3  8  6    0.248190198804721E-02
  3  8  7   -0.962241210034563E-03
  3  8  8    0.920056385889011E-02
  3  9  1    0.571982232692620E-03
  3  9  2    0.188638785450492E-03
  3  9  3   -0.137999591051085E-03
  3  9  4    0.590107654645683E-03
  3  9  5   -0.147029121394543E-03
  3  9  6   -0.108142568922088E-03
  3  9  7    0.378571313810687E-02
  3  9  8   -0.240058738102312E-02
  3  9  9    0.469069142057591E-02
  3 10  1   -0.206056315269058E-03
  3 10  2    0.444682745731610E-04
  3 10  3    0.264384590192372E-03
  3 10  4   -0.734844556439366E-04
  3 10  5    0.397337138985298E-03
  3 10  6    0.647997676928515E-04
  3 10  7   -0.161224627735872E-02
  3 10  8    0.289303564910302E-02
  3 10  9   -0.188870204520413E-02
  3 10 10    0.293685379717130E-02
  3 11  1    0.274320186499515E-02
  3 11  2    0.639102704336602E-03
  3 11  3   -0.319727353692448E-03
  3 11  4   -0.657037671143022E-04
  3 11  5   -0.537456141803657E-04
  3 11  6    0.346499314813165E-02
  3 11  7    0.138323644031414E-02
  3 11  8   -0.664483245454872E-03
  3 11  9    0.310196820397716E-03
  3 11 10   -0.353033628734855E-03
  3 11 11    0.951763397760637E-02
  3 12  1    0.160272642376281E-02
  3 12  2    0.143013315830347E-02
  3 12  3   -0.217899889989373E-03
  3 12  4   -0.761675890644184E-04
  3 12  5   -0.209666846801175E-03
  3 12  6    0.195192215467782E-02
  3 12  7    0.305448610281488E-02
  3 12  8    0.215913613876301E-03
  3 12  9    0.375173370088336E-03
  3 12 10   -0.243770122971706E-03
  3 12 11    0.108299923720543E-03
  3 12 12    0.130083747806915E-01
  3 13  1   -0.337348758526578E-03
  3 13  2    0.667061465832137E-03
  3 13  3    0.897255029486027E-03
  3 13  4   -0.953092238086574E-04
  3 13  5    0.427396819517284E-03
  3 13  6   -0.309141070557090E-03
  3 13  7    0.456918112244142E-03
  3 13  8    0.205637048043825E-02
  3 13  9   -0.470758670094319E-03
  3 13 10    0.413717523938146E-03
  3 13 11    0.208916417121672E-02
  3 13 12   -0.177406947807948E-02
  3 13 13    0.968079112508068E-02
  3 14  1    0.556098619735642E-03
  3 14  2   -0.211862846968113E-03
  3 14  3   -0.193258984552958E-03
  3 14  4    0.498975494563735E-03
  3 14  5   -0.323559741877072E-03
  3 14  6    0.395075638065355E-03
  3 14  7   -0.292813346566401E-03
  3 14  8   -0.414190606279595E-03
  3 14  9    0.870589364306672E-03
  3 14 10   -0.354080258182500E-03
  3 14 11   -0.549969183925745E-03
  3 14 12    0.382114686387474E-02
  3 14 13   -0.326170822456247E-02
  3 14 14    0.463155121601077E-02
  3 15  1   -0.292656927213653E-03
  3 15  2    0.486665118069072E-04
  3 15  3    0.252971737918538E-03
  3 15  4   -0.711229561936953E-04
  3 15  5    0.327109038822334E-03
  3 15  6   -0.212276708401570E-03
  3 15  7   -0.823323447205162E-04
  3 15  8    0.386501063147405E-03
  3 15  9   -0.342677958016348E-03
  3 15 10    0.704633032465264E-03
  3 15 11    0.729500096959076E-04
  3 15 12   -0.212337508410419E-02
  3 15 13    0.311757729757255E-02
  3 15 14   -0.246279112822805E-02
  3 15 15    0.289689395354779E-02
  4  1  1    0.102185547153578E-01             
  4  2  2    0.106876011563488E-01         
  4  3  3    0.109610688761847E-01         
