  1  1  1   0.98606370E-01
  1  2  1   0.10574957    
  1  2  2   0.13945898    
  1  3  1   0.10490090    
  1  3  2   0.13996137    
  1  3  3   0.14662705    
  2  1  1   0.47223802    
  2  2  1   0.21138511E-01
  2  2  2   0.24304137    
  2  3  1  -0.74850646    
  2  3  2   0.22245211    
  2  3  3    4.5060430    
  2  4  1   0.45644054    
  2  4  2   0.27200894E-01
  2  4  3  -0.75321402    
  2  4  4   0.50907595    
  2  5  1  -0.44452321E-01
  2  5  2   0.27674681    
  2  5  3   0.41653207    
  2  5  4  -0.28687251E-01
  2  5  5   0.42238453    
  2  6  1  -0.62647807    
  2  6  2   0.45559459    
  2  6  3    5.9349686    
  2  6  4  -0.77202680    
  2  6  5   0.59425731    
  2  6  6    9.5448924    
  2  7  1   0.42382627    
  2  7  2   0.29275931E-01
  2  7  3  -0.67877976    
  2  7  4   0.48031857    
  2  7  5   0.58345819E-02
  2  7  6  -0.66268756    
  2  7  7   0.49312738    
  2  8  1  -0.36290307E-01
  2  8  2   0.29227126    
  2  8  3   0.47714567    
  2  8  4  -0.23575326E-01
  2  8  5   0.46235406    
  2  8  6   0.66856146    
  2  8  7   0.22166695E-01
  2  8  8   0.53094803    
  2  9  1  -0.79132142    
  2  9  2   0.55344981    
  2  9  3    7.4554820    
  2  9  4  -0.88996936    
  2  9  5   0.74211926    
  2  9  6    11.350107    
  2  9  7  -0.79615255    
  2  9  8   0.87977598    
  2  9  9    14.770547    
  3  1  1   0.72075320    
  3  2  1  -0.17214816E-01
  3  2  2   0.23764179    
  3  3  1  -0.76765347    
  3  3  2   0.31624899    
  3  3  3    5.5431871    
  3  4  1   0.38187198    
  3  4  2   0.22009235E-01
  3  4  3  -0.34138209    
  3  4  4    1.1314827    
  3  5  1  -0.55034935E-01
  3  5  2   0.86909038E-02
  3  5  3   0.86391763E-01
  3  5  4  -0.45346427E-01
  3  5  5   0.44829253    
  3  6  1  -0.15668801    
  3  6  2  -0.11708368    
  3  6  3   0.16444290    
  3  6  4   -1.1247046    
  3  6  5   0.43331058    
  3  6  6    16.928062    
  3  7  1   0.31925503    
  3  7  2   0.26654202E-01
  3  7  3  -0.23961445    
  3  7  4   0.58501277    
  3  7  5  -0.25485465E-02
  3  7  6  -0.45889836    
  3  7  7    1.3859261    
  3  8  1  -0.20356766E-01
  3  8  2  -0.19233786E-01
  3  8  3  -0.49277102E-01
  3  8  4  -0.65190087E-01
  3  8  5   0.45229840E-01
  3  8  6   0.39720038E-01
  3  8  7  -0.86382105E-01
  3  8  8   0.51830895    
  3  9  1  -0.10161176    
  3  9  2  -0.14338979    
  3  9  3   -1.3420768    
  3  9  4  -0.46601144E-01
  3  9  5  -0.13653944    
  3  9  6   0.41499364    
  3  9  7   -1.2606082    
  3  9  8   0.45439321    
  3  9  9    22.937172    
  4  1  1   0.27144233    
  4  2  2   0.42022948    
  4  3  3   0.48968571    
