  1  1  1   0.80250470E-01
  1  2  1   0.71111747E-01
  1  2  2   0.71750968E-01
  1  3  1   0.66074506E-01
  1  3  2   0.69912081E-01
  1  3  3   0.69179781E-01
  2  1  1   0.25145430    
  2  2  1   0.31846097E-01
  2  2  2   0.10727512    
  2  3  1  -0.19719342E-01
  2  3  2  -0.47608894E-01
  2  3  3   0.34247667E-01
  2  4  1   0.23621912    
  2  4  2   0.61015866E-01
  2  4  3  -0.31387511E-01
  2  4  4   0.29501248    
  2  5  1  -0.17310149E-01
  2  5  2   0.82343091E-01
  2  5  3  -0.29448129E-01
  2  5  4  -0.50570884E-02
  2  5  5   0.14487452    
  2  6  1  -0.15196091E-01
  2  6  2  -0.44485381E-01
  2  6  3   0.26889577E-01
  2  6  4  -0.34426639E-01
  2  6  5  -0.47053495E-01
  2  6  6   0.38905455E-01
  2  7  1   0.19627773    
  2  7  2   0.53685031E-01
  2  7  3  -0.17130137E-01
  2  7  4   0.25030566    
  2  7  5   0.26525724E-01
  2  7  6  -0.27577367E-01
  2  7  7   0.28093893    
  2  8  1  -0.73911040E-02
  2  8  2   0.66513946E-01
  2  8  3  -0.29094191E-01
  2  8  4   0.50185259E-02
  2  8  5   0.12295884    
  2  8  6  -0.45084282E-01
  2  8  7   0.19045247E-01
  2  8  8   0.16059635    
  2  9  1  -0.68002038E-02
  2  9  2  -0.39905446E-01
  2  9  3   0.20362953E-01
  2  9  4  -0.20509199E-01
  2  9  5  -0.49315549E-01
  2  9  6   0.25188838E-01
  2  9  7  -0.25494260E-01
  2  9  8  -0.51679378E-01
  2  9  9   0.36639355E-01
  3  1  1   0.96124385    
  3  2  1  -0.57997528E-02
  3  2  2   0.34555303    
  3  3  1  -0.13794556    
  3  3  2  -0.80594780E-01
  3  3  3   0.17837411    
  3  4  1   0.36830289    
  3  4  2   0.90130446E-01
  3  4  3  -0.29521317E-01
  3  4  4    1.0688665    
  3  5  1  -0.81096850E-01
  3  5  2  -0.83246330E-02
  3  5  3   0.27644139E-01
  3  5  4  -0.15335195    
  3  5  5   0.39147995    
  3  6  1  -0.17309794E-01
  3  6  2   0.22882110E-02
  3  6  3   0.45366943E-02
  3  6  4  -0.11849378    
  3  6  5  -0.86741241E-01
  3  6  6   0.18939366    
  3  7  1   0.20918147    
  3  7  2   0.46468470E-01
  3  7  3  -0.12289978E-01
  3  7  4   0.46516589    
  3  7  5   0.98144165E-02
  3  7  6  -0.43931186E-01
  3  7  7    1.0701474    
  3  8  1  -0.49186291E-01
  3  8  2   0.61731841E-02
  3  8  3   0.14725972E-01
  3  8  4  -0.94416996E-01
  3  8  5   0.63896542E-01
  3  8  6   0.19770665E-01
  3  8  7  -0.20415244    
  3  8  8   0.45778267    
  3  9  1  -0.95865122E-02
  3  9  2   0.68806375E-02
  3  9  3  -0.10877899E-03
  3  9  4  -0.41413061E-01
  3  9  5  -0.52076403E-02
  3  9  6   0.29372620E-01
  3  9  7  -0.14145742    
  3  9  8  -0.10548352    
  3  9  9   0.21957264    
  4  1  1   0.83410880    
  4  2  2   0.89369349    
  4  3  3   0.94947636    
